K1:
   rows: 3
   cols: 3
   dt: d
   data: [ 7.2359970178835476e+02, 0., 3.1470854728326134e+02, 0.,
       7.0980475023034444e+02, 2.9115724510502878e+02, 0., 0., 1. ]
K2:
   rows: 3
   cols: 3
   dt: d
   data: [ 1.1302274918191858e+03, 0., 2.8638529011056113e+02, 0.,
       1.1617734220414061e+03, 2.1914669338327010e+02, 0., 0., 1. ]
D1:
   rows: 1
   cols: 5
   dt: d
   data: [ -3.7893184585415784e-01, 1.3259507950780309e+01,
       1.4870842990758111e-02, -7.0191770996679620e-03,
       -1.6662823449741373e+02 ]
D2:
   rows: 1
   cols: 5
   dt: d
   data: [ 4.4683486533796113e-01, -6.8630172486228709e+00,
       -1.4606268001145788e-03, -1.6783524976372175e-02,
       4.5404558309061080e+01 ]
R:
   rows: 3
   cols: 3
   dt: d
   data: [ 9.9753963232117626e-01, -1.0426034636071212e-02,
       -6.9325174001223705e-02, 3.2114625703756803e-03,
       9.9463716286825299e-01, -1.0337601631689759e-01,
       7.0031196310584160e-02, 1.0289903810609623e-01,
       9.9222347256056620e-01 ]
T: [ 4.2291469503672934e+00, 5.9299449789512977e+00,
    1.6363630199916905e+01 ]
E:
   rows: 3
   cols: 3
   dt: d
   data: [ 3.6272995502939892e-01, -1.5665689081914451e+01,
       7.5754375016584383e+00, 1.6027197432757326e+01,
       -6.0578292843831938e-01, -5.3306703839632821e+00,
       -5.9017733868521596e+00, 4.2682925358067925e+00,
       -2.6097896664245446e-02 ]
F:
   rows: 3
   cols: 3
   dt: d
   data: [ -9.9803525396501436e-07, 4.3941152227184876e-05,
       -2.7562028776614678e-02, -4.2900709746188320e-05,
       1.6530401358917365e-06, 2.3344855021045649e-02,
       2.8040531559451323e-02, -2.6477734527293129e-02, 1. ]
R1:
   rows: 3
   cols: 3
   dt: d
   data: [ 9.4021452153140228e-01, -2.8143590344406955e-01,
       -1.9180846111185129e-01, 3.0057669763423189e-01,
       4.2084099214436316e-01, 8.5588930836308941e-01,
       -1.6015711767129087e-01, -8.6237271036574925e-01,
       4.8027388652273806e-01 ]
R2:
   rows: 3
   cols: 3
   dt: d
   data: [ 9.5413266353009352e-01, -2.5707875018123344e-01,
       -1.5343199337238680e-01, 2.3611479045393127e-01,
       3.3107095415230881e-01, 9.1358734067716585e-01,
       -1.8406701527939570e-01, -9.0791108569172940e-01,
       3.7658570653199241e-01 ]
P1:
   rows: 3
   cols: 4
   dt: d
   data: [ 6.3981153108178546e+02, 0., 5.4251029777526855e+02, 0., 0.,
       6.3981153108178546e+02, -1.5697394180297852e+03, 0., 0., 0., 1.,
       0. ]
P2:
   rows: 3
   cols: 4
   dt: d
   data: [ 6.3981153108178546e+02, 0., 5.4251029777526855e+02, 0., 0.,
       6.3981153108178546e+02, -1.5697394180297852e+03,
       1.1459921592723373e+04, 0., 0., 1., 0. ]
Q:
   rows: 4
   cols: 4
   dt: d
   data: [ 1., 0., 0., -5.4251029777526855e+02, 0., 1., 0.,
       1.5697394180297852e+03, 0., 0., 0., 6.3981153108178546e+02, 0.,
       0., -5.5830358515545360e-02, 0. ]
